tree
version=v4
num_class=1
num_tree_per_iteration=1
label_index=0
max_feature_idx=43
objective=lambdarank
feature_names=bag_size bag_drops_pending bag_pickup_pending idle_min last_pos_lat last_pos_lon orders_today_before_T0 dist_to_pickup_km dist_to_pickup_haversine_km osrm_used district district_known district_match_pickup district_adjacent_pickup bag_size_category idle_min_capped idle_category bag_n_distinct_districts bag_has_distant_drop rank_by_dist decision_hour_warsaw decision_dow_warsaw decision_is_peak pool_size is_peak pickup_district drop_district is_lunch_peak is_dinner_peak is_weekend minutes_since_midnight_warsaw season gold_in_pool std_plus_in_pool std_in_pool slow_in_pool new_in_pool unknown_in_pool pool_min_dist_km pool_max_dist_km delta_dist_km level__A level__B level__UNK
feature_infos=[0:19] [0:10] [0:14] [-1:212.84999999999999] [-1:53.306824400000004] [-1:23.9031381] [0:59] [-1:135.99000000000001] [-1:343.29635999999999] [0:1] [0:34] [0:1] [0:1] [0:1] [0:3] [-1:30] [1:5] [0:12] [0:1] [-1:17] [8:23] [0:6] [0:1] [2:17] [0:1] [0:16] [0:88] [0:1] [0:1] [0:1] [493:1409] [1:2] [0:4] [0:6] [0:8] [0:3] [0:1] [0:6] [-1:10.18] [-1:135.99000000000001] [-21.437285714285714:120.13699999999999] [0:1] [0:1] none
tree_sizes=3517 3526 3509 3481

Tree=0
num_leaves=31
num_cat=0
split_feature=0 2 2 18 18 13 40 6 8 6 2 19 6 7 6 6 6 7 6 18 6 8 8 40 7 18 8 6 0 2
split_gain=3023.97 1877.36 210.015 147.475 121.288 66.4487 54.3972 43.5541 38.0338 34.6841 67.6715 41.771 64.1361 34.1782 31.832 24.7031 26.8396 39.8511 24.5131 24.2685 24.4562 23.344 21.0189 20.8997 27.4147 26.9268 20.0723 16.5331 15.2918 14.936
threshold=1.0000000180025095e-35 1.5000000000000002 2.5000000000000004 1.0000000180025095e-35 1.0000000180025095e-35 1.0000000180025095e-35 -2.0241623376623372 25.500000000000004 1.0000000180025095e-35 13.500000000000002 1.0000000180025095e-35 2.5000000000000004 1.5000000000000002 2.0555000000000008 30.500000000000004 24.500000000000004 1.5000000000000002 0.95050000000000001 6.5000000000000009 1.0000000180025095e-35 32.500000000000007 0.28826000000000002 6.1649300000000009 0.3994494949494945 8.1715000000000018 1.0000000180025095e-35 11.642580000000001 5.5000000000000009 1.5000000000000002 1.0000000180025095e-35
decision_type=2 2 2 2 2 2 2 2 2 2 2 2 2 2 2 2 2 2 2 2 2 2 2 2 2 2 2 2 2 2
left_child=-1 3 4 15 -3 7 8 23 -6 10 18 -12 13 -13 22 16 17 -2 -5 -7 21 -21 27 24 -4 -25 -27 -8 -20 -19
right_child=1 2 5 9 6 19 14 -9 -10 -11 11 12 -14 -15 -16 -17 -18 29 28 20 -22 -23 -24 25 -26 26 -28 -29 -30 -31
leaf_value=-0.099979571183845428 0.046752815929168377 0.015307983357640151 -0.014456037380311725 0.041169066481734011 0.053225364622893727 0.01629180607292299 0.0017378324714484594 -0.0035070085692893932 0.0042011293281959666 0.013428747972011712 0.026142985803490306 0.01583479284546364 0.016487330413544974 -0.02355045904846113 0.025875590354882124 0.0098381373633982232 0.037420522251110491 0.059559386824935272 0.03619215993802221 0.01772812302171085 0.020919658659127788 -0.0088769386033235066 -0.011718021904151586 -0.0022724994649574743 0.052796771609677377 -0.023289078914076885 -0.007902222812024795 -0.006359825402939937 0.018694835464727545 0.0062926279951049796
leaf_weight=734.15693816542625 107.25172647181898 962.86292703927029 2949.5070369620807 431.36362995661329 40.922926322207786 121.83238260168582 820.12163526599761 674.76435927278362 1132.4547712800559 2716.2450233148411 934.5262662951136 82.373838301980868 2069.183722901158 165.21452992211562 76.775627035880461 106.74611242185347 1544.0613191915909 13.980852582026271 198.93950133863837 85.966879142331891 77.226341240340844 1905.9632251020521 1402.1472114897333 192.42389291233849 15.104327580076641 2129.4723188986536 236.65833881834988 2710.6489762574201 342.49638542567845 210.25179549166933
leaf_count=14556 774 9825 40640 3351 279 1208 9483 8475 13091 27844 8344 841 21181 2225 693 1068 12256 80 1593 884 817 24868 18431 2394 106 31350 3205 33347 3409 2304
internal_value=0 0.00300155 -0.00749679 0.0212802 -0.00119708 -0.0128624 -0.00376835 -0.0155086 0.00591956 0.0178428 0.0206797 0.0172137 0.0136087 -0.0104255 -0.00603854 0.0333112 0.0346439 0.0216877 0.0322555 -0.00537407 -0.0066529 -0.00772539 -0.00653678 -0.0169739 -0.0141099 -0.0202897 -0.0217526 -0.0044775 0.0251386 0.00966116
internal_weight=25191.6 24457.5 15534.9 8922.63 7145.93 8388.92 6183.07 6197.93 1173.38 6940.34 4224.1 3251.3 2316.77 247.588 5009.69 1982.29 1875.55 331.484 972.8 2190.99 2069.16 1991.93 4932.92 5523.17 2964.61 2558.55 2366.13 3530.77 541.436 224.233
internal_count=298922 284366 199096 85270 85149 113947 75324 86170 13370 68788 40944 32591 24247 3066 61954 16482 15414 3158 8353 27777 26569 25752 61261 77695 40746 36949 34555 42830 5002 2384
is_linear=0
shrinkage=0.05


Tree=1
num_leaves=31
num_cat=0
split_feature=0 0 6 18 0 4 17 6 2 6 40 5 6 8 6 18 5 5 8 5 6 7 1 8 19 4 4 6 0 1
split_gain=2705.06 503.463 174.408 115.07 111.558 88.5285 81.9165 76.6599 93.5606 173.406 68.0317 67.8095 58.9538 58.8269 57.2805 56.3361 53.6873 52.6693 51.8035 107.37 97.6097 66.3412 57.0191 53.1776 49.9808 49.6423 49.1384 46.666 45.4951 50.2508
threshold=1.0000000180025095e-35 2.5000000000000004 14.500000000000002 1.0000000180025095e-35 4.5000000000000009 53.133509600000004 1.0000000180025095e-35 13.500000000000002 1.0000000180025095e-35 24.500000000000004 3.1519500000000003 23.147713500000005 21.500000000000004 15.978550000000002 12.500000000000002 1.0000000180025095e-35 23.160615000000004 23.218837300000004 0.77177000000000018 23.086940100000003 2.5000000000000004 1.0000000180025095e-35 1.0000000180025095e-35 5.4449900000000007 7.5000000000000009 53.150582950000008 53.136275900000008 7.5000000000000009 1.5000000000000002 1.0000000180025095e-35
decision_type=2 2 2 2 2 2 2 2 2 2 2 2 2 2 2 2 2 2 2 2 2 2 2 2 2 2 2 2 2 2
left_child=-1 3 11 6 12 -6 14 18 9 -9 -7 -3 -4 15 -2 -13 27 -14 19 -5 22 26 23 -20 25 -16 -21 -8 -22 -30
right_child=1 2 4 7 5 10 16 8 -10 -11 -12 13 17 -15 24 -17 -18 -19 20 21 28 -23 -24 -25 -26 -27 -28 -29 29 -31
leaf_value=-0.094344266513218755 0.005367690058203675 -0.0025324495628636129 0.0010736451499406801 -0.0075893408057451685 0.00060556325820672677 -0.0079271460502646756 0.019265500927221482 0.0054809343333210442 0.010451349942500946 -0.028659199510553374 -0.033558527179344856 0.001922150744509519 0.009380942782077073 -0.064837771494010571 -0.013712383480674434 -0.0084640361688329679 0.0063707877108465042 -0.011670735797672811 -0.0077927209880295214 0.024169406591425611 0.0075103753734504222 0.009646108075295208 0.0050462802626622732 -0.030570862215602724 -0.043510906770129559 0.045457822291339905 0.06802917400981523 0.010182620178292395 0.0058031589537585124 -0.0018441345291956128
leaf_weight=753.10488526173867 845.45596473477781 12133.841816184926 8560.2081026257947 743.15304103959352 4567.8928027921356 3071.725267700851 2494.9173397645354 1894.100391568616 6316.3965857089497 462.70340882986784 282.81308159604669 1450.4420439522946 4497.2780526578426 44.674435787834227 284.49752742610872 13003.766773628537 3667.0616933340207 317.84146064333618 2467.7264373460785 336.67774292081594 3460.4401469193399 1332.017293240875 793.4632374048233 286.08633936103433 125.40872845053673 40.36867711506784 79.043874710798264 3274.633861427661 3290.7910980959423 6185.1768205817789
leaf_count=14556 1576 48030 34385 1853 18404 13626 4680 4959 19884 1285 1429 4474 15364 239 575 51114 7337 1432 7597 498 7058 2735 1353 1283 287 60 81 6057 13418 13293
internal_value=0 0.000823311 -0.00259381 0.00509086 0.000778765 -0.00392283 0.00948532 0.0033848 0.00727916 -0.00122049 -0.0100905 -0.00529098 0.00356398 -0.00759916 -0.00229984 -0.00742146 0.0111041 0.00799009 0.00160442 0.0083251 0.000588489 0.015095 -0.00675866 -0.0101619 -0.0167058 -0.00633264 0.0325351 0.0141114 0.00260356 0.000811105
internal_weight=87063.7 86310.6 47930.5 38380.1 21297.8 7922.43 10732.3 27647.8 8673.2 2356.8 3354.54 26632.7 13375.3 14498.9 1295.73 14454.2 9436.61 4815.12 18974.6 2490.89 16483.7 1747.74 3547.28 2753.81 450.275 324.866 415.722 5769.55 12936.4 9475.97
internal_count=298922 284366 188497 95869 84640 33459 20572 75297 26128 6244 15055 103857 51181 55827 2498 55588 18074 16796 49169 5167 44002 3314 10233 8880 922 635 579 10737 33769 26711
is_linear=0
shrinkage=0.05


Tree=2
num_leaves=31
num_cat=0
split_feature=0 0 2 6 6 1 7 6 40 8 0 18 17 2 0 1 4 18 6 5 5 6 7 6 8 40 19 7 6 6
split_gain=1674.97 236.802 169.88 119.618 76.8329 57.5405 78.9028 118.573 83.4376 116.682 56.9599 118.063 58.645 52.8095 46.1942 45.7925 49.8645 45.0371 50.2481 55.559 44.8889 43.7125 42.5556 41.6665 50.5411 48.0631 44.5086 40.9054 63.9686 38.1205
threshold=1.0000000180025095e-35 3.5000000000000004 1.0000000180025095e-35 15.500000000000002 19.500000000000004 1.5000000000000002 0.95050000000000001 1.5000000000000002 -1.8537738095238088 1.0000000180025095e-35 1.5000000000000002 1.0000000180025095e-35 1.5000000000000002 12.500000000000002 1.5000000000000002 1.0000000180025095e-35 53.136275900000008 1.0000000180025095e-35 10.500000000000002 23.116689100000002 23.216092400000004 40.500000000000007 0.99650000000000005 22.500000000000004 3.0153700000000003 -0.50430303030303014 2.5000000000000004 6.7525000000000004 34.500000000000007 29.500000000000004
decision_type=2 2 2 2 2 2 2 2 2 2 2 2 2 2 2 2 2 2 2 2 2 2 2 2 2 2 2 2 2 2
left_child=-1 2 3 14 -3 6 8 -8 9 15 11 -9 -12 21 17 16 -4 18 -2 -20 -5 27 -7 24 -13 -26 -27 -6 -29 -24
right_child=1 4 5 20 13 22 7 10 -10 -11 12 23 -14 -15 -16 -17 -18 -19 19 -21 -22 -23 29 -25 25 26 -28 28 -30 -31
leaf_value=-0.090089171593675299 0.032732099354793529 -0.0053572733313569003 0.030385468567993779 -0.0014347118408365479 0.0016561011175675574 -0.0088991903431896568 -0.011076932227395538 0.013134440828467415 0.00090485792709463534 0.0068531529440674496 -0.0056858747165862431 0.011122248694306969 0.00050522520917420898 -0.065295550005353933 0.0083091345563852306 -0.01122205876357844 0.069264576377056325 0.012578342314854893 0.053103757294510195 -0.0027458419249765651 0.022835506728681808 0.023890694916855141 0.0066520773912395071 -0.016452586763160453 -0.018396515646403929 0.049474971230881924 -0.00066522848994581734 -0.012463054527418081 0.039750418978173482 0.035260705657427803
leaf_weight=512.71331609523622 709.85660967975855 17370.101522841491 403.82902853935957 2763.0683869542554 6666.743586640805 438.66058543697 2351.3215966387652 2551.373721757438 2641.8984865178354 1416.5463863303885 4476.894362103194 913.46331342775375 26261.342002942692 30.19481017626822 3274.7920026741922 51.023685425519943 104.08346831053495 2007.3877475056797 54.937119732610881 232.5141184758395 204.52009634673595 200.41997013986111 4807.9257342051715 378.69367578439415 403.8978158198297 45.082146018743515 2165.2988058924675 936.77346043754369 62.443241151981056 119.33177256025374
leaf_count=14556 968 79610 629 7533 25916 1088 6827 4189 7628 3517 12936 1893 94696 125 7044 93 122 3407 87 455 520 557 12595 803 951 48 4903 4842 168 216
internal_value=0 0.000549696 0.00228985 0.00851103 -0.00349822 0.00112828 0.000534127 -0.000187889 0.00671908 0.0144917 0.000500347 0.00476914 -0.000396335 0.00059053 0.0124204 0.033837 0.0383746 0.0168991 0.0255887 0.00792539 0.00023697 0.000844894 0.0060175 -0.000693328 0.000997388 -0.00253875 0.000357343 0.000241425 -0.00919147 0.00734666
internal_weight=84557.1 84044.4 58777.7 9247.08 25266.7 49530.7 44164.7 39547.4 4617.38 1975.48 37196 6457.81 30738.2 7896.58 6279.49 558.936 507.912 3004.7 997.308 287.451 2967.59 7866.38 5365.92 3906.44 3527.74 2614.28 2210.38 7665.96 999.217 4927.26
internal_count=298922 284366 173148 20014 111218 153134 139235 127246 11989 4361 120419 12787 107632 31608 11961 844 751 4917 1510 542 8053 31483 13899 8598 7795 5902 4951 30926 5010 12811
is_linear=0
shrinkage=0.05


Tree=3
num_leaves=31
num_cat=0
split_feature=0 0 2 4 8 6 40 7 18 8 2 1 5 5 8 4 6 0 5 1 17 40 6 6 7 8 5 40 40 8
split_gain=1246.83 366.387 94.5451 72.9913 43.6818 51.4768 98.2723 71.3952 43.4513 36.7486 34.9977 34.7729 74.6606 45.2811 33.9376 34.6592 31.6623 36.2509 58.7242 30.7872 30.7056 33.4276 29.0132 28.2857 27.4725 37.6493 27.9482 27.4708 26.6728 27.4996
threshold=1.0000000180025095e-35 1.5000000000000002 2.5000000000000004 53.138911100000009 6.2018500000000012 1.5000000000000002 -2.3459111111111106 0.31450000000000006 1.0000000180025095e-35 0.65817000000000014 1.5000000000000002 1.0000000180025095e-35 23.151693027814598 23.165178140931751 2.0043299999999999 53.119854650000001 11.500000000000002 8.5000000000000018 23.096253000000004 3.5000000000000004 1.0000000180025095e-35 -1.0462863636363633 13.500000000000002 28.500000000000004 -1.0000000180025095e-35 0.49486999999999998 23.150175550000004 -4.6141624999999991 1.4898194444444448 9.2321300000000015
decision_type=2 2 2 2 2 2 2 2 2 2 2 2 2 2 2 2 2 2 2 2 2 2 2 2 2 2 2 2 2 2
left_child=-1 3 8 4 5 6 7 -2 10 -5 20 13 -13 24 -9 -16 -4 -18 19 -19 21 -3 -20 28 -8 -26 -27 -22 29 -6
right_child=1 2 16 9 23 -7 11 14 -10 -11 -12 12 -14 -15 15 -17 17 18 22 -21 27 -23 -24 -25 25 26 -28 -29 -30 -31
leaf_value=-0.086354429383260656 0.041221811479065257 0.017972799799178263 -0.0060437844617575228 0.042038158422236349 -0.011198425640484018 0.0098009628315368861 -0.024649719367352704 0.01103739035875141 -0.00037217326982563552 0.01290637967199636 0.00065852015599861485 -0.026083015873157724 0.044002507298069996 -0.01805369444934057 0.071954776874152845 -0.058773492020877165 -0.0016204529650651603 -0.016593439074404911 0.038318544499778645 0.049439627866824411 0.054409362269755394 -0.054421629534933194 -0.019173245114057887 -0.047609895230928512 0.019260018651970735 0.008118706412306444 -0.0075003252380541983 0.0080476783690881497 0.0030131851628536501 -0.099500020719700752
leaf_weight=415.8000934580632 229.25507386401296 26.192383922636509 8629.5118783758953 111.53669984266162 341.46817686222494 5418.3967148028314 113.4084289111197 387.10209160670638 38733.557983098086 3785.3792944401503 3734.8664323594421 59.016158916056156 106.03311585634947 501.45811483031139 5.8928066790103903 32.256084496155381 13718.902098346967 26.025933399563655 22.53026258200407 53.884336307644844 32.232789322733879 40.183068290352821 679.59503922541626 34.908769611269236 235.02797481790185 422.21688425634056 888.92540456075221 3059.7682950608432 807.46560349687934 8.971500560641287
leaf_count=14556 340 64 43604 175 985 11315 242 866 123805 8175 9825 127 137 1676 6 148 67212 150 69 125 42 125 2787 131 395 1395 2563 5953 1892 37
internal_value=0 0.000436675 -0.00104138 0.00797123 0.00562585 0.00689761 0.00161781 0.0187329 0.000278635 0.0137425 0.00393624 -0.00319642 0.0189113 -0.00488802 0.0065904 -0.038314 -0.00364543 -0.0022178 -0.0126888 0.027877 0.00781051 -0.0257948 -0.0173161 -0.00332468 -0.000906016 0.000833785 -0.0024666 0.00853434 -0.00198125 -0.013501
internal_weight=82661.8 82246 68757.3 13488.7 9591.8 8398.99 2980.59 654.506 45626.8 3896.92 6893.24 2326.09 165.049 2161.04 425.251 38.1489 23130.4 14500.9 782.036 79.9103 3158.38 66.3755 702.125 1192.81 1659.58 1546.17 1311.14 3092 1157.91 350.44
internal_count=298922 284366 253761 30605 22255 19210 7895 1360 139814 8350 16009 6535 264 6271 1020 154 113947 70343 3131 275 6184 189 2856 3045 4595 4353 3958 5995 2914 1022
is_linear=0
shrinkage=0.05


end of trees

feature_importances:
orders_today_before_T0=28
dist_to_pickup_haversine_km=14
bag_size=13
last_pos_lon=10
bag_pickup_pending=9
dist_to_pickup_km=9
bag_has_distant_drop=9
delta_dist_km=9
bag_drops_pending=6
last_pos_lat=6
bag_n_distinct_districts=3
rank_by_dist=3
district_adjacent_pickup=1

parameters:
[boosting: gbdt]
[objective: lambdarank]
[metric: ndcg]
[tree_learner: serial]
[device_type: cpu]
[data_sample_strategy: bagging]
[data: ]
[valid: ]
[num_iterations: 500]
[learning_rate: 0.05]
[num_leaves: 31]
[num_threads: 4]
[seed: 42]
[deterministic: 0]
[force_col_wise: 0]
[force_row_wise: 0]
[histogram_pool_size: -1]
[max_depth: -1]
[min_data_in_leaf: 20]
[min_sum_hessian_in_leaf: 0.001]
[bagging_fraction: 1]
[pos_bagging_fraction: 1]
[neg_bagging_fraction: 1]
[bagging_freq: 0]
[bagging_seed: 400]
[bagging_by_query: 0]
[feature_fraction: 1]
[feature_fraction_bynode: 1]
[feature_fraction_seed: 30056]
[extra_trees: 0]
[extra_seed: 12879]
[early_stopping_round: 0]
[early_stopping_min_delta: 0]
[first_metric_only: 0]
[max_delta_step: 0]
[lambda_l1: 0.1]
[lambda_l2: 0.1]
[linear_lambda: 0]
[min_gain_to_split: 0]
[drop_rate: 0.1]
[max_drop: 50]
[skip_drop: 0.5]
[xgboost_dart_mode: 0]
[uniform_drop: 0]
[drop_seed: 17869]
[top_rate: 0.2]
[other_rate: 0.1]
[min_data_per_group: 100]
[max_cat_threshold: 32]
[cat_l2: 10]
[cat_smooth: 10]
[max_cat_to_onehot: 4]
[top_k: 20]
[monotone_constraints: ]
[monotone_constraints_method: basic]
[monotone_penalty: 0]
[feature_contri: ]
[forcedsplits_filename: ]
[refit_decay_rate: 0.9]
[cegb_tradeoff: 1]
[cegb_penalty_split: 0]
[cegb_penalty_feature_lazy: ]
[cegb_penalty_feature_coupled: ]
[path_smooth: 0]
[interaction_constraints: ]
[verbosity: -1]
[saved_feature_importance_type: 0]
[use_quantized_grad: 0]
[num_grad_quant_bins: 4]
[quant_train_renew_leaf: 0]
[stochastic_rounding: 1]
[linear_tree: 0]
[max_bin: 255]
[max_bin_by_feature: ]
[min_data_in_bin: 3]
[bin_construct_sample_cnt: 200000]
[data_random_seed: 175]
[is_enable_sparse: 1]
[enable_bundle: 1]
[use_missing: 1]
[zero_as_missing: 0]
[feature_pre_filter: 1]
[pre_partition: 0]
[two_round: 0]
[header: 0]
[label_column: ]
[weight_column: ]
[group_column: ]
[ignore_column: ]
[categorical_feature: ]
[forcedbins_filename: ]
[precise_float_parser: 0]
[parser_config_file: ]
[objective_seed: 16083]
[num_class: 1]
[is_unbalance: 0]
[scale_pos_weight: 1]
[sigmoid: 1]
[boost_from_average: 1]
[reg_sqrt: 0]
[alpha: 0.9]
[fair_c: 1]
[poisson_max_delta_step: 0.7]
[tweedie_variance_power: 1.5]
[lambdarank_truncation_level: 30]
[lambdarank_norm: 1]
[label_gain: ]
[lambdarank_position_bias_regularization: 0]
[eval_at: 5,10]
[multi_error_top_k: 1]
[auc_mu_weights: ]
[num_machines: 1]
[local_listen_port: 12400]
[time_out: 120]
[machine_list_filename: ]
[machines: ]
[gpu_platform_id: -1]
[gpu_device_id: -1]
[gpu_use_dp: 0]
[num_gpu: 1]

end of parameters

pandas_categorical:[]
